9
my_handler,72,my_handler,48
my_handler,76,my_handler,56
my_handler,80,my_handler,64
my_handler,84,isr_timer,0
my_handler,88,my_handler,36
my_handler,92,isr_terminal,0
my_handler,96,my_handler,36
my_handler,100,isr_software,0
my_handler,104,my_handler,36
===
my_handler,72,0,1,36
27
0 4 8 12 16 20 24 28 32 36 40 44 48 52 56 60 64 68 72 76 80 84 88 92 96 100 104 
10000001111000000001111111111100 10000001111000000010111111111100 10010000000100100000000000000000 10010001001000000000000000000010 00111001111100010010000000110100 10010001001000000000000000000011 00111001111100010010000000110000 10010001001000000000000000000100 00111001111100010010000000101100 10010011001011100000000000000100 10010011000111100000000000000100 11110000000000000000000000000000 00100001111100000000000000100000 00111000111100000000000000100000 00100001111100000000000000100000 00111000111100000000000000011000 00100001111100000000000000100000 00111000111100000000000000010000 00000000000000000000000000000000 00000000000000000000000000000000 00000000000000000000000000000000 00000000000000000000000000000000 00000000000000000000000000000000 00000000000000000000000000000000 00000000000000000000000000000000 00000000000000000000000000000000 00000000000000000000000000000000 
===
9
finish,4,36,1,my_handler,0,0
handle_software,7,64,1,my_handler,0,0
handle_terminal,6,56,1,my_handler,0,0
handle_timer,5,48,1,my_handler,0,0
handler,3,0,0,my_handler,0,0
isr_software,2,0,0,UND,0,0
isr_terminal,1,0,0,UND,0,0
isr_timer,0,0,0,UND,0,0
my_handler,8,0,1,UND,1,0
