1
isr,40,value1,0
===
isr,36,0,1,8
11
0 4 8 12 16 20 24 28 32 36 40 
10000001111000000001111111111100 10000001111000000010111111111100 10010010000111110000000000011000 10010011000100010000000000000000 10010010001011110000000000010100 10000000001000000001000000000000 10010011001011100000000000000100 10010011000111100000000000000100 10010011111111100000000000000100 00000000000000001010101111001101 00000000000000000000000000000000 
===
3
isr,2,0,1,UND,1,0
isr_software,1,0,0,isr,0,0
value1,0,0,0,UND,0,0
