17
my_code,224,handler,0
my_code,224,value2,0
my_code,224,mathAdd,0
my_code,224,value3,0
my_code,224,mathSub,0
my_code,224,value4,0
my_code,224,mathDiv,0
my_code,224,value5,0
my_code,224,mathDiv,0
my_code,224,value6,0
my_code,224,value1,0
my_code,224,value2,0
my_code,224,value3,0
my_code,224,value4,0
my_code,224,value5,0
my_code,224,value6,0
my_code,224,value7,0
===
my_code,224,0,0,0
68
0 4 8 12 16 20 24 28 32 36 40 44 48 52 56 60 64 68 72 76 80 84 88 92 96 100 104 108 112 116 120 124 128 132 140 144 152 156 164 168 176 180 188 192 200 204 212 216 220 224 224 224 224 224 224 224 224 224 224 224 224 224 224 224 224 224 224 224 
10010010111011110000111111111100 10010010000111110000111111111000 10010100000100010000000000000000 00010000000000000000000000000000 10010001000100000000000000000001 10000001111000000001111111111100 10010001000100000000000000000001 10000001111000000001111111111100 00100001111100000000111111011100 10000010111100000001111111011000 10010001000100000000000000000010 10000001111000000001111111111100 10010001000100000000000000000001 10000001111000000001111111111100 00100001111100000000111111000100 10000010111100000001111111000000 10010001000100000000000000000111 10000001111000000001111111111100 10010001000100000000000000001011 10000001111000000001111111111100 00100001111100000000111110101100 10000010111100000001111110101000 10010001000100000000000000000101 10000001111000000001111111111100 10010001000100000000000000011001 10000001111000000001111111111100 00100001111100000000111110010100 10000010111100000001111110010000 10010001000100000000000000000100 10000001111000000001111111111100 10010001000100000000000000011000 10000001111000000001111111111100 00100001111100000000111101111100 10000010111100000001111101111000 10010010000111110000111101110000 10010010000100010000000000000000 10010010001011110000111101100100 10010010001000100000000000000000 10010010001111110000111101011000 10010010001100110000000000000000 10010010010011110000111101001100 10010010010001000000000000000000 10010010010111110000111101000000 10010010010101010000000000000000 10010010011011110000111100110100 10010010011001100000000000000000 10010010011111110000111100101000 10010010011101110000000000000000 00000000000000000000000000000000 11111111111111111111111011111110 00000000000000000000000000000000 11110000000000000000000000000000 00000000000000000000000000000000 00000000000000000000000000000000 00000000000000000000000000000000 00000000000000000000000000000000 00000000000000000000000000000000 00000000000000000000000000000000 00000000000000000000000000000000 00000000000000000000000000000000 00000000000000000000000000000000 00000000000000000000000000000000 00000000000000000000000000000000 00000000000000000000000000000000 00000000000000000000000000000000 00000000000000000000000000000000 00000000000000000000000000000000 00000000000000000000000000000000 
my_data,0,1,0,0
7
4 12 20 28 36 44 52 
00000000000000000000000000000000 00000000000000000000000000000000 00000000000000000000000000000000 00000000000000000000000000000000 00000000000000000000000000000000 00000000000000000000000000000000 00000000000000000000000000000000 
===
15
handler,0,0,0,UND,0,0
mathAdd,1,0,0,UND,0,0
mathDiv,4,0,0,UND,0,0
mathMul,3,0,0,UND,0,0
mathSub,2,0,0,UND,0,0
my_code,13,0,1,UND,1,-28
my_data,14,0,1,UND,1,0
my_start,5,0,0,my_code,0,0
value1,6,0,0,my_data,0,0
value2,7,8,0,my_data,0,0
value3,8,16,0,my_data,0,0
value4,9,24,0,my_data,0,0
value5,10,32,0,my_data,0,0
value6,11,40,0,my_data,0,0
value7,12,48,0,my_data,0,0
