===
math,96,0,0,0
24
0 4 8 12 16 20 24 28 32 36 40 44 48 52 56 60 64 68 72 76 80 84 88 92 
10000001111000000010111111111100 10010010000111100000000000001000 10010010001011100000000000001100 01010000000100010010000000000000 10010011001011100000000000000100 10010011111111100000000000000100 10000001111000000010111111111100 10010010000111100000000000001000 10010010001011100000000000001100 01010001000100010010000000000000 10010011001011100000000000000100 10010011111111100000000000000100 10000001111000000010111111111100 10010010000111100000000000001000 10010010001011100000000000001100 01010010000100010010000000000000 10010011001011100000000000000100 10010011111111100000000000000100 10000001111000000010111111111100 10010010000111100000000000001000 10010010001011100000000000001100 01010011000100010010000000000000 10010011001011100000000000000100 10010011111111100000000000000100 
===
5
math,4,0,1,UND,1,0
mathAdd,0,0,0,math,0,0
mathDiv,3,72,0,math,0,0
mathMul,2,48,0,math,0,0
mathSub,1,24,0,math,0,0
